# energy	norm
12734.81	3.42E-02
12735.88	3.31E-02
12736.89	3.35E-02
12737.9	3.28E-02
12738.95	3.30E-02
12739.92	3.25E-02
12741.05	3.26E-02
12742.04	3.19E-02
12743.04	3.19E-02
12743.95	3.18E-02
12745.05	3.19E-02
12746.05	3.11E-02
12747.06	3.12E-02
12748.01	3.10E-02
12749.03	3.12E-02
12750.04	2.99E-02
12751.06	3.08E-02
12752.03	3.05E-02
12753.04	3.05E-02
12754.03	3.01E-02
12754.95	2.99E-02
12755.97	2.99E-02
12757.04	2.92E-02
12758	2.93E-02
12759.05	2.88E-02
12759.98	2.84E-02
12761	2.84E-02
12762.04	2.83E-02
12762.98	2.77E-02
12764.04	2.78E-02
12765.04	2.77E-02
12766.07	2.81E-02
12767.03	2.74E-02
12768.05	2.72E-02
12769.03	2.63E-02
12770.03	2.65E-02
12771.06	2.68E-02
12772.05	2.64E-02
12773.03	2.64E-02
12774.02	2.58E-02
12775.03	2.54E-02
12776	2.58E-02
12777	2.57E-02
12778.04	2.51E-02
12779	2.51E-02
12780.04	2.46E-02
12781.02	2.50E-02
12782.03	2.45E-02
12783.05	2.42E-02
12784.06	2.39E-02
12785.06	2.38E-02
12786.02	2.31E-02
12787.03	2.33E-02
12788.02	2.33E-02
12789.02	2.26E-02
12789.98	2.31E-02
12791.02	2.20E-02
12792.02	2.25E-02
12793.01	2.26E-02
12794.04	2.25E-02
12795	2.19E-02
12796.02	2.21E-02
12797.01	2.12E-02
12798.01	2.12E-02
12798.99	2.16E-02
12800	2.04E-02
12801.01	2.08E-02
12802.03	2.06E-02
12803.01	2.10E-02
12803.99	2.00E-02
12805.02	2.01E-02
12806.01	2.03E-02
12807.03	2.03E-02
12808.01	1.94E-02
12809.01	1.94E-02
12810.02	1.88E-02
12811.02	1.92E-02
12812.02	1.89E-02
12813	1.86E-02
12814	1.82E-02
12815.01	1.79E-02
12816.03	1.80E-02
12817.03	1.71E-02
12817.99	1.72E-02
12819.01	1.77E-02
12820.02	1.78E-02
12821.01	1.69E-02
12822.01	1.68E-02
12823.01	1.67E-02
12824.02	1.62E-02
12825.02	1.59E-02
12826.01	1.62E-02
12827.01	1.61E-02
12828.01	1.60E-02
12829.03	1.57E-02
12830.03	1.51E-02
12831.01	1.59E-02
12831.98	1.52E-02
12833.01	1.47E-02
12834.03	1.47E-02
12835.02	1.48E-02
12836	1.38E-02
12837.02	1.40E-02
12838.06	1.36E-02
12839.04	1.30E-02
12840.03	1.30E-02
12841	1.31E-02
12842.02	1.28E-02
12843.02	1.28E-02
12843.99	1.29E-02
12845.01	1.24E-02
12845.98	1.18E-02
12847.02	1.20E-02
12848.01	1.21E-02
12848.99	1.20E-02
12850	1.17E-02
12851.02	1.21E-02
12852.04	1.09E-02
12853.03	1.17E-02
12853.98	1.08E-02
12855	1.07E-02
12856.03	1.12E-02
12857.02	1.07E-02
12858	1.08E-02
12859.01	9.80E-03
12860	1.04E-02
12861.04	9.63E-03
12862.04	9.53E-03
12863.05	8.77E-03
12864.02	9.50E-03
12865.01	9.51E-03
12866.05	9.43E-03
12867.03	8.71E-03
12868.05	8.56E-03
12869.04	8.70E-03
12870.03	7.52E-03
12871.06	8.11E-03
12872.01	7.65E-03
12873.01	7.32E-03
12874	7.81E-03
12875	7.15E-03
12876.01	6.87E-03
12877	7.17E-03
12878.01	6.68E-03
12879.02	6.82E-03
12880.03	6.86E-03
12881.02	6.18E-03
12882.02	5.85E-03
12883.04	5.18E-03
12884.04	6.10E-03
12885.01	6.18E-03
12886.01	5.70E-03
12887.02	4.91E-03
12888.03	4.68E-03
12889.04	4.80E-03
12890	5.21E-03
12891.04	4.41E-03
12892.04	4.00E-03
12893.03	4.28E-03
12894.01	4.52E-03
12895.02	4.39E-03
12896.03	4.11E-03
12897.04	2.78E-03
12898.02	4.95E-03
12899.03	3.13E-03
12900.01	3.54E-03
12901.02	2.87E-03
12902.05	3.02E-03
12903	2.28E-03
12904	2.16E-03
12905.02	3.07E-03
12906.04	2.51E-03
12907.03	2.37E-03
12908	1.39E-03
12909.04	1.35E-03
12910.04	1.73E-03
12911.02	2.08E-03
12912	2.45E-03
12913	7.53E-04
12914.03	1.37E-03
12915.03	9.74E-04
12916.03	1.26E-03
12917.03	1.20E-03
12918.02	1.27E-03
12919.04	-6.10E-05
12920.02	-3.90E-04
12921.02	2.91E-04
12922.04	5.88E-04
12923.05	-7.77E-04
12924.03	7.26E-04
12925.02	3.46E-04
12926.02	1.05E-04
12927.03	-7.05E-04
12928.03	-9.70E-04
12929	-8.36E-04
12930.02	-7.13E-04
12931.03	-1.38E-03
12932.03	-1.00E-03
12933.02	-9.20E-06
12934	-2.16E-03
12935.04	-1.15E-03
12936.04	-1.74E-03
12937	-8.24E-04
12938.02	-2.30E-03
12939.02	-1.25E-03
12940.04	-2.42E-03
12941.03	-2.25E-03
12942	-1.83E-03
12943.02	-2.03E-03
12944.03	-1.80E-03
12945.04	-2.59E-03
12946.01	-2.80E-03
12947.03	-3.22E-03
12948.03	-3.39E-03
12949.07	-2.20E-03
12950.02	-2.99E-03
12951.02	-1.41E-03
12952.06	-2.14E-03
12953.06	-2.49E-03
12954.03	-2.75E-03
12955.02	-2.31E-03
12956.04	-2.58E-03
12957.05	-1.04E-03
12958.02	-3.87E-03
12959.02	-2.32E-03
12960.03	-3.25E-03
12961.03	-2.90E-03
12962.04	-3.75E-03
12963.01	-3.40E-03
12964.01	-3.10E-03
12965.04	-4.19E-03
12966.03	-3.26E-03
12967.02	-2.87E-03
12968.02	-2.44E-03
12969.06	-3.23E-03
12970.03	-3.11E-03
12971.01	-2.98E-03
12972.01	-2.74E-03
12973.05	-3.20E-03
12974.04	-2.78E-03
12975.02	-2.83E-03
12976.04	-2.82E-03
12977.03	-3.33E-03
12978.06	-3.32E-03
12979.03	-2.44E-03
12980.02	-2.78E-03
12981.03	-2.39E-03
12982.06	-2.80E-03
12983.03	-2.07E-03
12984.04	-1.34E-03
12985.05	-2.47E-03
12986.04	-3.15E-03
12987.02	-3.52E-03
12988.03	-1.38E-03
12989	-1.88E-03
12990.03	-2.10E-03
12991.02	-1.94E-03
12992	-5.50E-04
12993.02	-1.43E-03
12994.04	-1.59E-03
12995.01	3.90E-04
12996.01	1.14E-03
12997.02	-4.25E-04
12998.04	1.38E-03
12999.04	2.40E-04
13000	1.94E-03
13001.04	3.60E-03
13002.04	3.28E-03
13003.03	3.97E-03
13004.03	3.35E-03
13005.02	4.51E-03
13006.04	6.33E-03
13007.05	6.70E-03
13008.04	6.39E-03
13009.02	9.78E-03
13010.05	6.82E-03
13011.05	8.97E-03
13012.03	1.06E-02
13013.02	1.12E-02
13014.04	1.24E-02
13015.02	1.50E-02
13016	1.58E-02
13017.03	1.65E-02
13018.04	1.92E-02
13019.02	2.27E-02
13020	2.19E-02
13021.02	2.56E-02
13022.03	2.74E-02
13023.01	3.33E-02
13023.99	3.58E-02
13025.03	3.74E-02
13026.04	4.28E-02
13027.04	4.99E-02
13028	5.29E-02
13029.02	6.18E-02
13030.04	6.98E-02
13031.02	8.28E-02
13031.98	9.21E-02
13033	0.10663446
13034.03	0.12982853
13035.03	0.15555748
13036	0.17955862
13037.02	0.21566997
13038.03	0.2558585
13039.05	0.30700297
13040.02	0.36154762
13041.02	0.44178544
13042.04	0.53347705
13043.02	0.6272369
13044.02	0.72911365
13045	0.80440985
13046.02	0.8767723
13047.03	0.92788531
13048.01	0.96435781
13049	0.98886771
13050	1.0168299
13051.02	1.0265724
13052.02	1.0245325
13053	1.0456801
13054.02	1.0452605
13055.03	1.0478555
13056.01	1.0345747
13057	1.0436964
13058.02	1.0240644
13059.04	1.0037713
13060.03	1.0003252
13061	0.99205493
13062	0.99117816
13063.04	0.97596202
13064.03	0.97253805
13065.01	0.96655439
13066.03	0.95597955
13067.04	0.96338325
13068.04	0.96113539
13069.05	0.97643655
13070.02	0.97026243
13071.06	0.97046008
13072.03	0.96968197
13073.02	0.9714219
13074.04	0.96820364
13075.03	0.97349638
13076.02	0.97519692
13076.99	0.97925057
13078.02	0.97925144
13079.02	0.98310148
13080	0.99070247
13081	1.0031667
13082.03	1.002624
13083.02	1.0023183
13084.01	1.0015415
13085.01	1.0062917
13086.04	1.0144158
13087.01	1.0198176
13088	1.0210415
13089.01	1.0187083
13090.04	1.0253442
13091.03	1.0192585
13092	1.0255309
13093.01	1.0210124
13094.04	1.016181
13095.01	1.0286176
13096.02	1.0278804
13097	1.0175595
13098.04	1.018807
13099.03	1.0143845
13100.01	1.0120039
13101	1.0228491
13102	1.0156688
13103	1.0184217
13104	1.0158363
13105.04	1.0119554
13106.04	1.0144783
13107.03	1.0135991
13108.01	1.0112343
13109	1.0086465
13110.01	0.99810081
13111.03	1.0053709
13112.02	1.0035144
13113.03	0.99686815
13114.04	1.0080548
13115	1.0023433
13116	1.0018731
13117.01	0.99220091
13118.02	0.98907879
13119.04	0.99929866
13120.03	1.0034556
13121.03	0.99975689
13122.03	0.99379079
13123.04	0.9984351
13124.02	1.0008918
13125.05	1.0052247
13126.05	0.99505246
13127.03	0.99282899
13128.02	1.0014339
13129.04	0.99334103
13130.03	0.99061314
13131.01	0.9945194
13132.01	1.0039656
13133.04	0.98635384
13134.04	0.99766103
13135.02	0.9899058
13136.02	0.98853058
13137.04	0.99972525
13138.02	0.99307972
13139	0.98813326
13140.03	0.99629131
13141.05	0.99427846
13142.03	1.0012333
13143.01	0.99045384
13144.03	0.9913574
13145	1.0116331
13146	1.0125397
13147.01	1.0097749
13148.03	1.0085198
13149.01	0.99816508
13150.01	1.0009381
13151.03	1.012861
13152.01	0.99805923
13153	0.99239015
13154.02	0.99522694
13155.04	0.98800907
13156.05	0.99501928
13157.02	1.0081628
13158.06	1.0153376
13159.04	1.0046693
13160.04	1.0064885
13161.05	0.99576254
13162.03	1.0058781
13163.05	1.0101797
13164.04	1.0045229
13165	1.0016597
13166.02	0.9986969
13167.03	0.99785125
13168	1.0102078
13169.02	1.0053782
13170.04	1.0083905
13171.01	1.003959
13172.03	0.99804984
13173.05	1.0058816
13174.04	1.0083966
13175.02	1.0052285
13176.04	1.0101362
13177.03	1.0097791
13178	1.0118245
13179.01	1.001828
13180.05	1.0064989
13181.05	1.0331782
13182	1.0196642
13183.03	1.0152633
13184.03	1.002313
13185.04	0.99790536
13186.03	0.99526216
13187.03	0.99173814
13188.04	1.003158
13189.01	1.0014558
13190.04	0.98805723
13191.03	0.99123894
13192.01	1.0082683
13193	0.9963067
13194.03	1.0076636
13195.05	0.99929095
13196.06	0.99719827
13197.02	0.99047014
13198.04	1.0040735
13199.03	1.0052371
13200.01	1.0042818
13201	0.99835198
13202.04	0.99931828
13203.01	0.99953754
13204.02	0.99797849
13205.03	0.99246554
13206.04	0.98741518
13207.02	1.0009787
13208.01	1.0032719
13209.05	1.0000835
13210.06	0.99638872
13211	0.99787646
13212.03	1.0144341
13213.04	1.0043678
13214	0.99612458
13215.01	0.99137443
13216.05	0.99950765
13217.05	0.99844767
13218.04	1.0039637
13219.03	1.0014354
13220.06	1.0087176
13221.04	1.0072026
13222.02	1.0047268
13223.03	1.0066215
13224.04	0.99844889
13225	0.99963881
13226.01	1.0011573
13227.04	0.99803829
13228	1.0012296
13229.01	1.0007764
13230.03	0.98825722
13231.04	1.0101279
13232	0.99568252
13233.03	1.0010493
13234.04	0.99242005
13235.02	1.0094919
13236.02	1.005402
13237.03	0.9970179
13238.05	0.99286965
13239.01	1.0059429
13240.02	0.9975792
13241.02	0.98975785
13242.02	1.0041614
13243	0.9995767
13244.01	1.0054206
13245.04	0.99936373
13246.02	0.99524518
13247.02	0.99913734
13248.04	1.0040395
13249.05	0.99883999
13250.02	1.0098113
13251.03	1.010187
13252.05	0.99613339
13253.01	0.99884267
13254.03	1.0025876
13255.03	1.008922
13256.03	1.0047193
13257.03	1.0069474
13258.03	1.0068619
13259.04	0.99670403
13260.04	1.0036695
13261.01	1.0149952
13262.06	1.0045295
13263.03	0.99639734
13264.04	1.0104569
13265.03	1.0011337
13266.05	1.0040522
13267.03	1.0058295
13268.01	0.99686748
13269.05	0.99559743
13270.02	1.0014009
13271	1.0037902
13272.04	1.0034554
13273.02	0.99937633
13274.02	1.0051624
13275.03	1.0062002
13276.05	1.0070117
13277.03	1.0010651
13278.02	1.0056023
13279.04	0.99815043
13280.06	1.0076804
13281.02	0.99882149
13282.03	0.99454833
13283.03	1.009725
13284.02	0.99819465
13285.02	1.0052084
13286.02	0.9997282
13287.06	1.006761
13288.03	1.0108344
13289	1.0057363
13290.04	1.0067447
13291.01	1.0070361
13292.02	1.0030213
13293.02	1.0074655
13294.03	1.0052745
13295.03	1.0157808
13296.02	0.99959311
13297.04	1.0253499
13298.03	1.0110654
13299	1.0000568
13300.04	1.002503
13301.03	1.0036714
13302	0.99514743
13303.04	1.0037741
13304.01	1.0040239
13305.02	1.0053706
13306.03	1.007322
13307.02	1.005374
13308.06	1.0133779
13309.03	1.0052036
13310.02	1.0007951
13311.01	0.99228092
13312.02	1.0048538
13313.01	1.0050378
13314	1.0060728
13315.01	1.0040393
13316	0.99684388
13317.03	0.99993965
13318.02	1.0096338
13319.04	1.0115108
13320.02	1.0057592
13321.04	0.99529388
13322.04	1.0042338
13323.03	1.0128631
13324	0.99701661
13325.05	1.0022377
13326.02	1.0083366
13327	0.99825255
13328.02	0.99701857
13329.02	1.0024104
13329.99	1.0050349
13331	1.000698
13332.03	1.0097619
13333.03	1.0116986
13334	1.0116546
13335.03	0.99768796